Январь :  -11 -1 -11 -15 -12 -14 -14 -17 -6 0 -14 -20 -2 -6 -1 -18 -8 -4 -14 -15 -6 -20 -4 -6 -5 -2 -7 -10 -16 -8 -2 -14
Февраль :  -4 -4 -20 -1 -20 -11 -3 -15 -13 -3 -15 -16 -20 -6 -9 -16 -13 -3 -9 -16 -20 -20 -10 -3 -5 -8 -1 -9 -3 -18
Март :  13 5 21 5 14 2 19 24 17 6 20 12 6 15 2 25 17 8 1 22 10 11 13 9 16 24 4 3 0 11 16 23
Апрель :  9 21 6 4 25 21 17 6 12 23 8 5 14 20 1 6 17 2 18 16 12 1 25 14 5 11 11 8 13 4 15
Май :  22 4 3 13 21 19 10 21 8 23 3 20 9 9 21 18 7 21 19 23 6 25 18 24 10 14 2 19 6 10 24 13
Июнь :  13 15 17 22 5 1 8 6 25 20 0 3 10 8 25 18 5 24 9 9 3 12 10 1 2 14 7 10 0 13 12
Июль :  9 7 1 25 10 18 21 23 9 25 7 16 0 11 25 24 25 17 16 25 9 9 5 10 8 9 7 22 25 14 2 7
Август :  7 9 6 20 3 11 23 21 12 19 21 20 15 5 13 7 24 2 2 10 0 2 14 20 19 9 3 22 11 7 12 11
Сентябрь :  0 9 10 1 8 11 9 5 5 2 6 7 1 12 3 1 0 5 4 8 11 5 11 4 9 6 7 5 12 5 3
Октябрь :  7 1 6 10 10 6 0 6 1 9 11 2 7 5 8 2 7 1 1 6 10 9 12 3 11 2 12 10 10 10 1 12
Декабрь :  -19 -4 0 -7 -4 -6 -1 -14 -5 -14 -2 -5 -10 -17 -4 0 -8 -3 0 -9 -19 -17 -17 -6 -1 -14 -16 -12 -20 -11 -7 -18
Ноябрь :  10 4 5 3 3 6 4 0 6 4 11 0 2 7 3 9 3 9 0 12 10 12 6 8 6 11 7 7 6 2 8
Январь :  -1 -10 -18 -6 -1 -5 -12 -16 -3 -17 -15 -14 -6 -17 -16 -16 -1 -20 -5 -20 -18 -10 -16 -11 -3 -10 -13 -4 -18 -13 -10 -10
Февраль :  -20 -18 -11 -15 -6 -11 -5 -4 -16 -3 -13 -15 -3 -13 -2 -9 -12 -20 -13 -13 -4 -20 -17 -17 -4 0 -9 -8 -19 -4
Март :  16 18 7 18 25 11 1 0 0 13 9 8 2 7 16 5 2 6 24 21 14 2 19 3 19 22 20 23 9 21 22 14
Апрель :  4 16 5 23 17 17 19 8 9 15 24 17 18 18 1 1 12 18 19 22 6 9 21 11 0 11 22 4 24 8 21
Май :  24 16 1 14 16 13 4 21 20 11 2 15 23 21 16 25 0 22 0 2 1 21 22 20 9 8 12 11 25 23 21 21
Июнь :  19 11 16 11 13 15 21 9 21 18 0 16 17 20 6 18 6 16 15 9 25 13 7 23 10 0 7 4 15 22 13
Июль :  18 16 23 7 5 13 6 19 19 16 20 18 4 10 7 4 8 8 3 17 14 10 9 15 8 3 24 23 0 24 21 6
Август :  7 0 24 3 10 13 7 0 18 19 21 3 17 2 3 16 14 18 25 9 0 11 13 8 6 15 16 1 8 13 10 15
Сентябрь :  3 0 4 6 9 2 7 7 3 6 11 8 5 4 4 1 4 9 5 12 8 11 0 8 12 12 3 12 7 6 3
Октябрь :  7 2 12 9 2 8 0 3 8 9 0 5 11 12 0 1 11 5 9 6 11 1 11 9 2 4 2 0 1 10 11 9
Декабрь :  -4 -14 -7 0 -8 -9 -18 -19 -4 -1 -10 -10 -18 -8 -7 -10 -6 -17 -17 -18 -3 -1 -15 -11 -20 -11 -20 -5 -13 0 -1 -14
Ноябрь :  11 7 11 7 2 11 12 8 5 0 6 8 1 1 1 11 1 7 1 6 10 12 3 7 1 4 12 4 7 2 4
Январь :  -15 -2 -4 -17 -2 -2 -12 -6 -10 -3 -19 -12 -16 -4 -14 -16 -14 -13 -6 -8 -9 -5 -19 -6 -16 -20 -11 -20 -6 -5 -5 -4
Февраль :  0 -1 -5 0 -7 -6 -8 -4 -18 -2 0 -18 -18 -3 -13 -19 -1 -17 -10 -7 -5 -13 -20 -2 -20 -9 -4 -1 -19 0
Март :  0 18 3 12 14 13 19 13 10 17 2 13 2 1 13 11 5 7 17 17 16 14 17 4 8 25 21 5 19 2 4 3
Апрель :  3 18 8 8 13 15 20 1 24 0 23 11 6 6 21 25 24 9 2 2 2 23 22 10 0 7 15 11 5 24 0
Май :  22 14 14 20 14 6 25 21 15 6 6 25 3 5 16 5 0 23 14 15 3 6 0 7 16 3 13 16 7 16 21 9
Июнь :  22 1 13 19 8 15 17 1 3 23 9 16 24 12 1 14 10 4 23 12 11 24 19 14 10 10 23 10 18 20 7
Июль :  22 24 9 8 25 9 15 22 4 17 4 5 21 5 15 24 24 12 3 15 12 24 9 17 21 4 15 22 4 20 3 16
Август :  18 0 25 2 1 8 19 19 7 20 12 10 14 13 7 8 24 19 18 23 6 0 21 5 16 10 16 20 4 18 19 18
Сентябрь :  5 10 10 2 2 6 2 0 8 1 10 12 10 6 1 1 9 4 10 0 5 2 3 5 6 11 3 7 0 8 6
Октябрь :  9 8 9 4 11 6 2 7 2 7 12 7 5 4 9 0 1 12 6 3 7 7 8 7 5 11 2 5 9 1 11 8
Декабрь :  -8 -5 -13 -19 -11 -15 -16 -18 -11 -6 -20 -3 -6 -4 -10 -1 -18 -11 -5 -13 -3 -5 -14 0 -7 -9 -6 -19 -18 -3 -3 -18
Ноябрь :  11 8 1 5 2 9 10 4 11 9 11 5 6 7 12 4 0 8 2 5 6 12 7 2 3 1 1 8 2 3 0
Январь :  -12 -12 -16 -7 -2 -8 -14 0 -17 -12 -12 -18 -9 -14 -16 -5 -16 -15 -17 -13 -13 -15 -5 -6 -1 -12 -17 -1 -19 -11 -15 -12
Февраль :  -20 -16 -7 -12 -18 -2 -7 0 -3 -1 -2 -14 -11 -15 -11 -20 -20 -3 0 -10 -2 -17 -6 -11 -2 -8 -13 -11 -14 -8
Март :  17 5 0 12 23 5 4 2 4 21 6 24 3 0 18 10 24 4 24 0 25 12 12 10 10 5 18 8 20 5 25 16
Апрель :  13 21 15 0 9 9 22 10 13 8 25 20 13 23 5 0 24 0 11 8 12 5 15 18 15 18 15 18 0 19 4
Май :  17 16 6 23 8 9 10 11 22 0 21 21 5 10 16 5 16 10 17 7 3 0 8 1 12 23 1 10 24 9 24 24
Июнь :  6 6 21 18 3 7 21 24 19 4 14 21 24 22 24 2 10 2 1 5 13 21 21 10 10 13 24 22 1 0 4
Июль :  24 9 5 24 2 12 17 7 7 18 8 4 5 16 3 9 0 2 17 8 14 20 10 6 25 10 21 0 20 23 21 25
Август :  22 25 15 25 18 6 10 18 13 24 12 20 15 3 1 9 5 12 11 6 19 10 8 1 17 18 8 21 17 12 22 15
Сентябрь :  3 1 2 3 7 5 5 1 6 5 4 12 6 2 8 2 10 6 5 5 5 6 8 6 4 11 3 4 0 7 0
Октябрь :  3 9 3 3 1 9 3 8 9 12 7 6 2 1 7 5 11 1 4 9 12 2 6 5 12 10 1 3 0 3 5 4
Декабрь :  -15 -20 -2 -9 0 -18 0 -18 -14 -20 -13 -19 -5 -10 0 -15 -14 -13 -11 -13 -8 -7 -14 -3 -20 -17 -12 -15 -10 -11 -15 -5
Ноябрь :  5 0 11 8 3 1 7 12 1 11 4 0 7 2 1 0 8 9 1 12 7 4 6 5 10 10 12 0 2 7 5
Январь :  -18 -6 -13 -4 -12 -16 -7 -6 -12 -13 -4 -8 -8 -11 -18 -7 -17 -3 -15 -9 -16 -8 -9 -4 -6 -18 -11 -18 -3 -20 -17 -5
Февраль :  -6 -11 -12 -12 -8 -2 -16 -7 -1 -2 -6 -5 -12 -13 -19 -18 -4 -12 -11 -7 -8 -7 -9 -4 -15 -13 -9 -16 -9 -15
Март :  16 13 11 20 17 8 21 19 8 1 16 13 21 15 6 2 0 17 10 9 15 11 9 11 17 12 13 9 8 17 23 8
Апрель :  22 4 16 7 23 10 2 6 2 19 9 5 6 10 2 4 12 15 11 14 6 15 22 18 21 0 15 10 10 3 13
Май :  11 20 15 11 23 6 12 23 6 20 15 19 18 21 17 20 19 9 8 10 15 4 5 8 18 2 16 6 6 15 6 17
Июнь :  5 10 1 20 18 17 5 14 15 14 16 23 3 9 19 11 5 7 20 21 25 20 4 2 6 0 11 25 6 10 24
Июль :  11 14 6 3 6 25 10 7 22 19 11 15 19 2 7 19 24 19 20 16 17 14 15 5 3 17 24 11 21 24 15 25
Август :  15 13 5 1 23 8 1 10 5 4 22 10 21 14 16 15 1 22 5 5 1 10 24 5 7 25 18 6 12 23 17 11
Сентябрь :  1 11 4 4 9 10 6 12 11 3 2 8 1 10 10 0 10 3 5 1 10 9 1 8 3 8 10 9 1 6 9
Октябрь :  7 6 4 5 9 6 8 0 5 3 11 0 6 4 8 10 8 8 12 3 12 10 1 9 8 3 8 6 7 5 0 1
Декабрь :  -5 -20 -3 -17 -13 -5 -5 -6 -6 -16 -9 -1 -3 -9 -5 -18 -1 -7 -12 -1 -8 -16 -5 -15 -18 -1 -6 -1 -6 -4 -20 -6
Ноябрь :  8 1 5 0 11 3 2 12 3 6 5 3 0 12 10 3 7 4 1 4 2 11 2 2 10 2 6 7 3 3 10
